48.945945945945944
42.34090909090909
41.4
43.31707317073171
45.35
36.638297872340424
43.48837209302326
43.58974358974359
69.55555555555556
35.42553191489362
34.592592592592595
46.125
41.36585365853659
39.765957446808514
39.25
46.42857142857143
38.604651162790695
41.6
34.88461538461539


39.104166666666664
42.0
37.19607843137255
50.7027027027027
45.75609756097561
32.163636363636364
41.644444444444446
30.16
33.69090909090909
35.407407407407405
41.11363636363637
43.073170731707314
40.906976744186046
42.68181818181818
45.7
34.035714285714285
34.666666666666664
51.44117647058823
34.75925925925926